134 
139 
155 
121 
121 
135 
123 
142 
117 
148 
135 
104 
120 
132 
151 
141 
93 
128 
126 
98 
125 
105 
145 
128 
135 
116 
142 
108 
109 
116 
120 
116 
131 
124 
117 
102 
96 
97 
97 
126 
134 
163 
136 
160 
156 
153 
137 
50 
139 
151 
142 
129 
106 
126 
83 
127 
168 
166 
184 
193 
101 
75 
132 
121 
85 
117 
104 
120 
113 
108 
125 
66 
102 
86 
93 
113 
127 
121 
129 
127 
118 
103 
110 
90 
120 
77 
86 
111 
76 
100 
89 
87 
79 
87 
96 
109 
107 
102 
120 
146 
104 
99 
131 
90 
104 
152 
149 
106 
92 
80 
113 
125 
88 
98 
85 
135 
86 
100 
87 
84 
70 
96 
120 
107 
104 
119 
139 
126 
131 
131 
153 
125 
127 
102 
127 
130 
134 
163 
131 
107 
104 
104 
109 
121 
128 
106 
101 
79 
100 
123 
156 
154 
153 
123 
116 
165 
128 
118 
145 
79 
129 
39 
127 
143 
124 
136 
160 
143 
27 
131 
121 
164 
161 
155 
135 
140 
171 
154 
166 
154 
143 
135 
162 
163 
132 
114 
120 
126 
168 
150 
144 
162 
156 
136 
112 
130 
105 
124 
134 
136 
162 
153 
138 
149 
135 
167 
146 
158 
127 
167 
148 
111 
104 
131 
113 
167 
134 
123 
131 
133 
149 
149 
67 
154 
115 
146 
129 
101 
168 
121 
142 
135 
137 
163 
131 
113 
145 
63 
126 
149 
158 
154 
127 
132 
134 
142 
114 
125 
145 
45 
158 
160 
144 
114 
137 
124 
143 
139 
146 
143 
132 
123 
123 
135 
145 
133 
134 
141 
125 
109 
96 
130 
128 
112 
155 
143 
160 
119 
83 
132 
110 
102 
111 
120 
121 
111 
106 
93 
109 
114 
71 
124 
133 
106 
109 
93 
156 
142 
119 
125 
147 
155 
147 
143 
164 
140 
143 
131 
131 
131 
123 
111 
105 
151 
124 
116 
133 
167 
152 
159 
155 
103 
136 
154 
118 
125 
107 
133 
102 
127 
134 
122 
68 
147 
148 
143 
88 
157 
137 
140 
121 
157 
143 
163 
120 
127 
148 
100 
151 
155 
122 
164 
124 
132 
139 
132 
155 
164 
104 
165 
139 
156 
109 
112 
116 
144 
139 
164 
155 
136 
139 
105 
81 
155 
115 
142 
138 
19 
94 
19 
125 
76 
90 
133 
117 
134 
87 
121 
134 
111 
99 
126 
90 
110 
152 
133 
130 
146 
79 
117 
47 
96 
61 
156 
120 
134 
109 
160 
120 
124 
116 
68 
111 
121 
133 
124 
122 
146 
158 
109 
79 
80 
81 
134 
115 
71 
119 
85 
33 
69 
113 
99 
98 
124 
130 
120 
121 
64 
135 
88 
119 
123 
91 
151 
116 
132 
123 
122 
157 
148 
90 
132 
106 
156 
123 
141 
157 
139 
163 
98 
128 
124 
108 
62 
144 
63 
81 
88 
129 
104 
112 
48 
128 
138 
88 
172 
112 
135 
67 
138 
147 
155 
127 
73 
86 
158 
108 
138 
139 
95 
120 
121 
134 
107 
103 
162 
56 
116 
64 
100 
125 
91 
65 
156 
109 
118 
120 
68 
65 
37 
113 
137 
124 
132 
184 
116 
159 
151 
130 
52 
116 
54 
127 
142 
68 
39 
118 
113 
35 
86 
124 
115 
127 
106 
133 
75 
113 
108 
150 
167 
89 
132 
63 
129 
82 
134 
54 
133 
127 
140 
112 
134 
127 
159 
115 
144 
68 
161 
113 
125 
209 
104 
104 
101 
96 
123 
122 
153 
143 
108 
155 
149 
145 
139 
149 
144 
118 
66 
132 
137 
87 
123 
135 
111 
77 
109 
132 
117 
113 
117 
78 
167 
128 
138 
122 
107 
126 
122 
122 
106 
149 
134 
105 
126 
159 
90 
102 
152 
139 
89 
136 
194 
110 
57 
51 
143 
94 
157 
144 
156 
176 
151 
221 
123 
141 
149 
134 
130 
64 
124 
94 
129 
158 
169 
127 
112 
144 
97 
61 
169 
126 
43 
228 
104 
125 
114 
123 
18 
85 
197 
152 
133 
67 
78 
79 
122 
137 
85 
115 
130 
154 
155 
225 
128 
58 
87 
143 
113 
135 
126 
138 
135 
160 
219 
39 
155 
154 
61 
132 
106 
127 
122 
43 
196 
159 
134 
54 
186 
150 
130 
117 
118 
126 
123 
130 
110 
235 
97 
128 
117 
118 
114 
138 
127 
122 
146 
208 
147 
147 
128 
134 
129 
160 
136 
120 
101 
72 
161 
132 
111 
94 
150 
144 
150 
144 
71 
117 
149 
120 
136 
117 
162 
113 
138 
111 
133 
65 
134 
158 
139 
118 
113 
129 
167 
160 
139 
147 
127 
93 
130 
141 
135 
114 
116 
123 
126 
138 
175 
181 
101 
133 
134 
97 
164 
150 
118 
111 
163 
139 
143 
161 
96 
96 
122 
169 
148 
50 
123 
116 
110 
52 
220 
116 
143 
104 
147 
128 
157 
117 
153 
123 
130 
150 
159 
134 
124 
86 
152 
136 
140 
174 
77 
178 
103 
108 
140 
104 
162 
155 
145 
157 
112 
192 
145 
137 
159 
180 
200 
170 
167 
185 
163 
158 
149 
172 
45 
134 
96 
158 
167 
208 
175 
116 
176 
140 
147 
129 
58 
141 
197 
92 
119 
122 
87 
131 
171 
152 
101 
117 
230 
197 
184 
114 
154 
92 
126 
136 
170 
106 
151 
154 
228 
147 
154 
117 
102 
173 
136 
98 
182 
149 
110 
130 
69 
198 
113 
133 
140 
134 
110 
128 
173 
194 
163 
203 
173 
132 
136 
86 
208 
91 
157 
127 
151 
103 
42 
212 
124 
113 
105 
169 
194 
139 
134 
117 
145 
204 
136 
93 
142 
106 
145 
150 
183 
150 
147 
163 
143 
154 
205 
173 
170 
133 
189 
180 
117 
107 
141 
179 
142 
168 
126 
120 
173 
165 
188 
183 
193 
110 
182 
219 
118 
137 
148 
147 
179 
176 
152 
66 
153 
121 
84 
146 
148 
174 
154 
121 
172 
106 
153 
193 
168 
85 
169 
105 
109 
156 
218 
115 
117 
165 
111 
109 
107 
125 
107 
101 
152 
75 
80 
178 
158 
102 
128 
156 
136 
162 
65 
142 
154 
55 
73 
135 
135 
123 
141 
89 
102 
165 
80 
