131
131
132
137
131
127
127
124
133
132
131
129
134
127
132
127
129
131
127
129
134
131
132
126
126
125
128
130
128
134
124
128
130
129
130
135
136
135
144
142
148
141
144
146
150
151
152
142
145
147
139
146
139
139
132
119
113
112
102
106
98
93
80
70
62
54
55
56
56
59
62
67
76
60
63
67
66
66
73
71
69
66
68
72
69
72
64
70
68
76
80
72
66
69
70
68
70
71
68
67
74
81
77
79
82
74
78
75
82
85
91
83
88
90
92
94
90
93
90
91
93
89
92
93
88
90
98
99
91
98
104
95
94
95
93
96
101
95
100
97
95
96
102
96
97
99
102
100
104
99
93
98
94
102
98
100
97
97
104
98
94
98
105
95
105
100
109
98
99
100
99
97
100
99
100
100
99
103
102
101
97
97
95
92
100
93
103
103
97
103
98
101
95
107
97
95
98
100
99
101
103
93
101
98
103
97
100
100
96
95
105
98
107
95
96
99
102
93
97
95
92
95
94
92
103
91
95
95
100
99
97
98
104
97
97
99
101
100
95
99
105
96
97
96
102
98
96
96
100
97
96
96
99
94
94
96
98
98
96
95
103
96
101
97
97
98
97
99
98
96
95
96
96
92
97
93
95
95
98
95
92
98
98
93
96
96
94
93
96
92
97
96
102
99
97
96
96
96
97
95
99
102
98
95
94
89
88
92
81
87
84
90
85
80
84
86
83
75
80
73
81
75
71
67
80
81
90
93
97
106
109
108
114
120
122
123
128
128
134
135
139
134
141
128
130
134
131
124
129
130
125
123
130
130
129
133
137
134
135
132
133
135
131
129
130
132
133
131
129
131
128
129
129
129
128
135
128
129
133
135
131
128
126
128
125
134
129
132
127
128
129
133
128
123
131
128
125
127
129
130
133
126
123
123
125
132
149
171
183
193
196
203
207
207
209
209
211
212
213
214
212
209
201
188
171
145
120
81
76
70
70
75
76
79
80
80
86
80
87
86
93
92
87
90
87
85
94
94
92
86
92
94
87
88
92
91
89
87
92
89
88
87
90
92
93
95
94
96
91
93
86
96
93
94
89
90
94
95
96
93
92
95
94
93
95
92
99
96
90
93
93
94
97
98
103
106
101
101
103
95
82
77
60
45
32
18
23
25
22
20
27
28
